% Pharmaceutical effects on defense behaviour: Control vs. drug
% Muscimol
musc = [0.2634, 0.075;
    0.217, 0.053;
    0.184, 0.077;
    0.1279, 0.04895;
    0.10491, 0.017544;
    0.233, 0.1619];

% Picrotoxin
ptx = [0.250, 0.38309;
    0.0934, 0.14545;
    0.2362, 0.4548;
    0.18438, 0.30697;
    0.48974, 0.91218];

